0.3386
0.0440
0.0404
0.0694
0.0696
0.1556
0.0809
0.0042
0.1328
0.0254
0.0518
0.0553
0.0686
0.0718
0.0218
0.4947
0.0187
0.0414
0.1055
0.0134
0.0144
0.1458
0.0812
0.1071
0.0071
0.0090
0.0330
0.2576
0.0181
0.5906
0.0879
0.0173
0.0072
0.0212
0.2173
0.0719
0.2116
0.2813
0.0250
0.0265
0.0718
0.0293
0.0115
0.1099
0.0699
0.1123
0.0180
0.0061
0.0491
1.1792
0.0628
0.1241
0.0292
0.1267
0.0689
0.0081
0.0748
0.0561
0.1045
0.0589
0.0296
0.0216
0.0044
1.2917
0.7630
0.6214
0.5882
0.7498
0.7146
1.4861
2.2419
1.1990
1.1614
0.9034
1.2397
0.5786
0.8913
0.7337
0.9667
0.3956
0.9073
2.2911
1.2140
1.0055
0.6077
0.5463
0.6785
1.0799
1.6175
0.9673
0.6307
0.9263
0.7297
0.9955
0.7980
1.4024
1.1601
0.6167
1.1043
1.3475
1.7162
0.9319
0.8380
1.3282
0.4336
0.8455
0.8953
1.1818
0.7045
0.5367
1.3080
0.4924
1.1020
0.5594
0.4372
1.2494
1.5574
0.7112
1.2521
0.9144
0.8079
0.8112
0.6599
1.0831
1.6163
0.3115
