0.0581
0.0076
0.0069
0.0119
0.0120
0.0267
0.0139
0.0007
0.0228
0.0044
0.0089
0.0095
0.0118
0.0123
0.0037
0.0850
0.0032
0.0071
0.0181
0.0023
0.0025
0.0250
0.0139
0.0184
0.0012
0.0015
0.0057
0.0442
0.0031
0.1014
0.0151
0.0030
0.0012
0.0036
0.0373
0.0123
0.0363
0.0483
0.0043
0.0045
0.0123
0.0050
0.0020
0.0189
0.0120
0.0193
0.0031
0.0010
0.0084
0.2025
0.0108
0.0213
0.0050
0.0218
0.0118
0.0014
0.0128
0.0096
0.0179
0.0101
0.0051
0.0037
0.0008
0.2219
0.1310
0.1067
0.1010
0.1288
0.1227
0.2552
0.3850
0.2059
0.1995
0.1552
0.2129
0.0994
0.1531
0.1260
0.1660
0.0679
0.1558
0.3935
0.2085
0.1727
0.1044
0.0938
0.1165
0.1855
0.2778
0.1661
0.1083
0.1591
0.1253
0.1710
0.1371
0.2409
0.1992
0.1059
0.1897
0.2314
0.2948
0.1601
0.1439
0.2281
0.0745
0.1452
0.1538
0.2030
0.1210
0.0922
0.2246
0.0846
0.1893
0.0961
0.0751
0.2146
0.2675
0.1221
0.2150
0.1570
0.1387
0.1393
0.1133
0.1860
0.2776
0.0535
