9.699458615911980885e+00
7.159779167928244981e+00
1.175754409408879830e+01
7.315998203381405496e+00
1.761138033879175069e+01
6.242674039204295866e+00
7.647285079537689434e+00
8.114434613377225602e+00
8.752331352607061632e+00
6.352125565147928477e+00
5.438653189155996159e+00
6.745671726391826439e+00
8.243232504271102101e+00
9.515171135129657287e+00
9.069406626903399271e+00
9.596735571708354229e+00
8.699574096061478912e+00
1.246855098324623867e+01
9.110613037172074158e+00
9.516396586571341132e+00
7.470004553277089343e+00
1.112810358900863683e+01
8.382715961426219664e+00
6.988532326439850451e+00
6.066646091095294402e+00
5.828845172496841087e+00
1.479468009405558426e+01
6.121749384080533041e+00
1.411197436057370425e+01
5.407461622557077519e+00
9.768320105015050103e+00
7.961391188698605070e+00
7.637632722083046666e+00
1.116028605547165142e+01
1.040672281642498831e+01
1.257719474272955651e+01
8.412703279906356357e+00
6.820598212103556435e+00
1.024051211737886113e+01
5.734441934564326715e+00
4.688479314225267203e+00
1.254265764852071108e+01
6.621893995086776563e+00
8.745189439089575245e+00
1.509067840173286257e+01
1.030687099266913265e+01
1.007598435141280468e+01
7.438487955190678846e+00
8.165558731450216712e+00
1.191391420050478978e+01
7.634466988596793513e+00
9.093518993221282543e+00
9.998053266887700019e+00
6.385299835224850007e+00
1.352199926852394007e+01
7.665639242984218171e+00
6.856906314405833314e+00
1.022092717054424327e+01
9.576205272172922278e+00
9.911885601237070631e+00
7.277002467986349643e+00
7.945304286784882208e+00
1.395853886833521429e+01
6.580678646060453829e+00
1.623837401730601115e+01
6.478364359291250096e+00
8.434889202163864397e+00
5.679941187419460746e+00
1.308660840325377883e+01
8.394000405693658351e+00
5.728639359644866147e+00
1.417448621652043883e+01
7.921346842889505524e+00
1.042796875667808010e+01
1.309057158833492274e+01
1.371271921743863764e+01
5.910240477170069617e+00
1.220313149783067175e+01
7.027810088184956783e+00
7.016584822531594767e+00
1.089327915701568550e+01
1.105870898239652966e+01
1.493143664247917535e+01
4.909751607997502099e+00
4.902673454403839060e+00
7.908956370390122892e+00
1.986549574433768228e+01
4.036116257038560029e+00
1.574574525666919556e+01
9.183570150430739432e+00
6.069677368836425835e+00
7.016060574623315560e+00
7.701456332039286146e+00
5.918529673321342166e+00
1.500248674859894926e+01
7.356703980676128296e+00
9.161097734031006468e+00
9.062979520626852192e+00
8.827507422897509670e+00
1.539552370092183864e+01
9.939239963109086418e+00
1.771522814931989842e+01
1.105532530995855822e+01
1.215418103931549076e+01
9.245364072635943842e+00
4.307965421383723736e+00
8.839652409727902338e+00
6.845242576733314266e+00
8.594192222635802736e+00
1.027069112273174945e+01
7.998357801319175842e+00
1.007658432224941869e+01
6.302141630485531110e+00
9.912118186409829335e+00
1.330143918574172091e+01
1.760908625302724673e+01
1.372489702618991991e+01
1.204826581116577167e+01
7.760467572339278419e+00
9.857706426394665655e+00
9.152678612620258392e+00
1.106088436898872374e+01
6.017589556891326019e+00
8.904176883738918136e+00
6.142737475787324541e+00
1.290459998109336937e+01
1.239957833485865279e+01
1.366008048464953006e+01
9.134046886274427735e+00
7.484230570011957795e+00
5.133421726806444596e+00
6.232938424266834865e+00
6.011123511522995955e+00
1.483524651424739282e+01
9.505749581460948505e+00
1.275531547990146741e+01
1.680452665993446359e+01
7.101425079798887374e+00
1.025636341247026628e+01
1.213382240638565612e+01
1.348115496122426116e+01
1.039476846071018734e+01
1.453124539210661759e+01
1.052536929953748945e+01
1.769685945659986714e+01
9.420578222152528269e+00
1.531110507276287969e+01
1.213313062515252838e+01
5.415428729029190258e+00
8.871714044166958857e+00
8.415889384505012671e+00
9.025198452475198252e+00
1.507037412411568944e+01
1.249728083580867910e+01
1.201342201645243435e+01
6.843029624567417812e+00
7.605344159295516882e+00
7.979075929844472448e+00
4.941470249128757430e+00
5.306911531599457277e+00
4.711261691529792017e+00
9.163322222592322319e+00
9.051279904271137156e+00
8.140949314447647467e+00
7.420428546120247937e+00
1.147950653049578307e+01
1.475482986841411659e+01
7.801873416370199266e+00
1.118330051031702688e+01
1.078793070077943916e+01
1.537507827809837835e+01
1.001691987197296996e+01
5.330337206621623913e+00
1.149829973929111482e+01
1.585508151889102813e+01
5.947581296215107116e+00
1.659919714764913223e+01
1.283632263250411576e+01
6.145463927828485495e+00
9.223053769999662421e+00
1.491930957917820422e+01
1.398115985082896096e+01
1.026578462105748279e+01
6.654327874588159553e+00
9.984076970906281545e+00
8.797762706140622058e+00
9.074112070322390977e+00
8.456805062434970210e+00
7.898374745293184951e+00
5.373689190539579386e+00
1.030013031954924685e+01
1.367581347620711263e+01
6.884574404578963858e+00
5.890520393940272825e+00
6.601473152812130429e+00
6.955679575128979941e+00
1.234420782932479987e+01
1.143428141071302662e+01
1.137493714423859714e+01
1.283630088291380744e+01
5.646608332085532034e+00
4.333833348007245512e+00
5.716895387706901310e+00
8.873815149016774484e+00
9.027661098452856692e+00
6.828734807265425921e+00
9.974272043524171849e+00
7.051186601940631071e+00
7.624924456644319726e+00
6.807110498697491963e+00
1.034726925346176429e+01
5.828172190103270367e+00
6.849628281890676185e+00
7.775754514393194761e+00
4.990217727061497577e+00
8.994807309216392710e+00
4.973651278839319012e+00
8.448468356629657450e+00
5.231057777936453768e+00
6.649054026605095480e+00
9.243876708310173385e+00
1.418242481454164228e+01
1.225068172946476430e+01
8.443523800580013727e+00
7.541560472804185622e+00
1.109101688207697300e+01
1.149049046062227220e+01
8.286907844924172650e+00
6.308263374595830086e+00
1.095877149772051240e+01
8.714418406223812141e+00
6.479826117518777906e+00
1.121344248356832907e+01
1.188260977883217784e+01
5.689157111672690448e+00
8.548383851689626667e+00
6.027123390306673656e+00
1.101501369619773385e+01
1.009478695189826070e+01
1.890701406419756125e+01
9.386949441798648763e+00
6.424347773699693676e+00
9.817577068882503255e+00
8.854484542110748535e+00
1.087477843915291409e+01
1.111015848728141897e+01
9.036961120507406520e+00
6.753363995852650348e+00
1.191457656412983290e+01
9.627250490189027232e+00
